1001100110011011001101100110
1100110110011011001100101010
0001111110011000011110001111
1100110000111111001101100110
0001111110011000011111100110
1100110110011001010101100110
1100110010101000011111100110
1100110010101000011111100110
0001111000111111001101100110
0101010110011011001101100110
1100110010101000000000100101110011000011110001111
1100110110011001010101100110
1100110110011011001100101010
0001111110011000011110001111
1100110000111111001101100110
0001111000111101010100001111
1100110110011001010100001111
1100110000111100011110101010
1100110110011001010100001111
0001111110011011001101100110
0001111000111101010100001111
1100110110011000011110101010
1100110110011011001100001111
1100110110011011001100001111
0101010000111111001101100110
0101010000111100011111100110
1100110000111111001101100110
1100110110011011001101100110
00000001100110110011011001101100110
0001111110011011001101100110
0101010110011000011110001111
1100110110011011001100101010
0101010010010111001100001111
0101010110011011001100001111
0101010000111100011111100110
0101010110011001010100001111
1100110000111100011110101010
1100110110011011001100001111
1100110000111101010100001111
1100110010101000011110001111
1100110000111111001100101010
0001111110011000011110001111
0101010000111111001100001111
0001111110011011001100101010
1100110110011011001101100110
0101010110011011001101100110
1100110010101001010101001100
0101010110011011001101100110
0001111110011011001101100110
0001111010101000011111100110
1100110110011001010101100110
1100110010101000011110001111
1100110110011000000000001111110011001010100001111
0001111110011011001100001111
1100110110011001010101100110
0101010110011011001101100110
1100110110011011001101100110
0101010000111111001100001111
0001111110011000011111100110
1100110000111111001100001111
1100110110011011001100101010
1100110110011001010100001111
1100110000111100011110101010
0001111110011000011110001111
1100110110011001010101100110
1100110110011011001100101010
0101010010010100011111100110
110011000000000001111110011000011110001111
1100110000111111001101100110
0001111110011000011111100110
1100110110011001010101100110
1100110000111101010100001111
1100110110011000011110101010
0001111110011000011110001111
0101010110011011001101100110
1100110010101011001100001111
0101010110011011001100001111
1100110110011011001101100110
1100110110011011001101100110
0101010110011000011110000000
1100110110011011001101100110
0001111000111101010101100110
1100110000111111001101100110
0001111000111101010100101010
0100101110011011001100101010
0001111110011000011110001111
1100110000111111001101100110
1100110010101011001101100110
0001111110011011001101100110
1100110110011011001101100110
1100110010101011001101100110
1100110110011001010100001111
1100110110011011001100101010
1100110110011011001100001111
1100110110011011001100101010
1100110110011011001101100110
1100110110011011001100001111
1100110110011011001100001111
0101010110011011001100101010
1100110000111111001101100110
1100110000111100011110101010
0001111000111111001101100110
0101010100001101010101000011
0101010100001100000001000011010101010000110101010
1000011010101010000110101010
1000011010101010000111000011
0101010100001110000110101010
1000011100001101010101000011
1000011010101010000111000011
0101010100001110000110101010
1000011100001101010101000011
1000011010101010000111000011
0101010100001110000110101010
1000011100001101010101000011
1000011010101010000111000011
0101010100001110000110101010
1000011100001101010101000011
1000011010101010000111000011
1000011010101011001100001111
00000001100110110011011001101100110
1100110110011011001100001111
1100110110011011001100001111
0101010110011011001100101010
1100110110011011001100001111
1100110110011000011111100110
0001111000111101010101100110
1100110110011001010101100110
0001111110011011001101100110
0001111000111101010100001111
0001111110011011001100101010
1100110000111101010101000011
1001100100001110011001000011
1001100100001110011001001100
1001100100110001010100101010
1100110110011000011110101010
1100110000111111001101100110
0001111110011011001100101010
